400  0.089687785
401  0.090545123
402  0.091049302
403  0.09246929
404  0.093077708
405  0.093938537
406  0.095291628
407  0.096302349
408  0.096077002
409  0.096615102
410  0.098009035
411  0.09865674
412  0.099895058
413  0.101064959
414  0.101920127
415  0.102027688
416  0.102823143
417  0.103307543
418  0.103841921
419  0.104499055
420  0.104925971
421  0.105191998
422  0.105752199
423  0.106133157
424  0.106593807
425  0.107306183
426  0.107460849
427  0.107964501
428  0.108384598
429  0.108895025
430  0.109548635
431  0.110077715
432  0.110916845
433  0.111581765
434  0.111788991
435  0.112072455
436  0.112436092
437  0.1128314
438  0.112614335
439  0.112323547
440  0.111561446
441  0.110948641
442  0.109992504
443  0.109023167
444  0.108180815
445  0.106927471
446  0.105802613
447  0.105242404
448  0.104422832
449  0.102967395
450  0.10196052
451  0.101437625
452  0.100855278
453  0.100028814
454  0.099674953
455  0.098941235
456  0.098312007
457  0.097652912
458  0.097623271
459  0.096977864
460  0.096207819
461  0.095677533
462  0.094988819
463  0.094334861
464  0.093857758
465  0.0935815
466  0.092701753
467  0.09172542
468  0.090891514
469  0.089982386
470  0.089366816
471  0.088692527
472  0.087948551
473  0.08696723
474  0.086330421
475  0.085911978
476  0.08532066
477  0.085073837
478  0.084523997
479  0.084036413
480  0.083546096
481  0.08307329
482  0.082583795
483  0.082528996
484  0.08224318
485  0.081896792
486  0.081261665
487  0.080890671
488  0.080239517
489  0.079403097
490  0.078739145
491  0.077799047
492  0.076896235
493  0.076040758
494  0.075198259
495  0.073907113
496  0.072749967
497  0.071379006
498  0.069880457
499  0.068421204
500  0.067020817
501  0.065823746
502  0.064298662
503  0.062685326
504  0.061402785
505  0.059975601
506  0.058327759
507  0.057081472
508  0.055747203
509  0.054255332
510  0.052931931
511  0.051651944
512  0.050196218
513  0.04889958
514  0.047860178
515  0.046715915
516  0.045765858
517  0.044698048
518  0.043670741
519  0.042778866
520  0.04185711
521  0.040738202
522  0.039853597
523  0.03935047
524  0.038291151
525  0.037663447
526  0.036726175
527  0.036306417
528  0.035593432
529  0.034769317
530  0.034192134
531  0.033440165
532  0.032759482
533  0.032082501
534  0.031411466
535  0.030893291
536  0.030357637
537  0.030012884
538  0.029322563
539  0.028758043
540  0.028190358
541  0.027830986
542  0.027284324
543  0.026971365
544  0.026499485
545  0.026010352
546  0.025617554
547  0.025108721
548  0.024734768
549  0.024429775
550  0.023895715
551  0.023767747
552  0.02331742
553  0.022834821
554  0.022332907
555  0.021883623
556  0.021674221
557  0.021146372
558  0.020691456
559  0.020431728
560  0.019945646
561  0.019824082
562  0.019506897
563  0.019259408
564  0.019122622
565  0.018944511
566  0.018616824
567  0.018390434
568  0.018303037
569  0.018214022
570  0.017849877
571  0.017653872
572  0.017542706
573  0.017237132
574  0.016864256
575  0.016669062
576  0.016567989
577  0.016297328
578  0.016027305
579  0.015878607
580  0.015740385
581  0.015542449
582  0.015269617
583  0.015109836
584  0.015064086
585  0.014906641
586  0.014641476
587  0.014402793
588  0.014233446
589  0.013974375
590  0.013972398
591  0.013902811
592  0.01363212
593  0.013670789
594  0.013612064
595  0.013540542
596  0.013263969
597  0.013092865
598  0.01302202
599  0.013043805
600  0.01296866
601  0.012702045
602  0.012871483
603  0.013024271
604  0.013061567
605  0.012968586
606  0.013031185
607  0.013156128
608  0.013226032
609  0.013421404
610  0.013415555
611  0.013536884
612  0.013671242
613  0.013874397
614  0.014066486
615  0.014275261
616  0.01452079
617  0.014669426
618  0.014770867
619  0.014955019
620  0.015025024
621  0.01514261
622  0.01519498
623  0.015217453
624  0.015145094
625  0.015212145
626  0.015109002
627  0.015134916
628  0.015215852
629  0.015308166
630  0.015407799
631  0.015375141
632  0.015261386
633  0.015407561
634  0.015240791
635  0.015240827
636  0.015307989
637  0.015275233
638  0.015247097
639  0.01505575
640  0.015147736
641  0.015330412
642  0.015454947
643  0.015565161
644  0.015575092
645  0.015861585
646  0.016113508
647  0.016317522
648  0.016591915
649  0.016848478
650  0.01703848
651  0.01727116
652  0.017605454
653  0.018012922
654  0.018470103
655  0.019108572
656  0.019830346
657  0.020542328
658  0.021555831
659  0.022552918
660  0.02380413
661  0.025224775
662  0.02682059
663  0.028200509
664  0.029504536
665  0.03110717
666  0.032850792
667  0.034432514
668  0.036086747
669  0.037416295
670  0.038677357
671  0.0399365
672  0.040704948
673  0.041481051
674  0.04192675
675  0.042431063
676  0.042527439
677  0.042595556
678  0.042399939
679  0.04202543
680  0.041311007
681  0.040477637
682  0.039247742
683  0.037545243
684  0.035519958
685  0.033213024
686  0.030938878
687  0.028346354
688  0.025694495
689  0.023185539
690  0.02059849
691  0.018397083
692  0.016230435
693  0.014289414
694  0.012651186
695  0.011310285
696  0.010023745
697  0.008973653
698  0.007887347
699  0.007202162
700  0.006605263
701  0.005848566
702  0.005292439
703  0.004798612
704  0.004470306
705  0.004038026
706  0.003787162
707  0.003450036
708  0.003235067
709  0.002996857
710  0.002865383
711  0.002631294
712  0.002503968
713  0.002390661
714  0.002227286
715  0.002132735
716  0.00194633
717  0.001839113
718  0.001557961
719  0.001581677
720  0.001556832
721  0.001386688
722  0.00135903
723  0.001293695
724  0.001260029
725  0.001280063
726  0.001347223
727  0.00118816
728  0.001194232
729  0.001214253
730  0.001065324
731  0.000882569
732  0.00069407
733  0.000668011
734  0.000627212
735  0.000832875
736  0.000611245
737  0.000862381
738  0.000718354
739  0.000631022
740  0.00001
741  0.00001
742  0.00001
743  0.00001
744  0.00001
745  0.00001
746  0.00001
747  0.00001
748  0.00001
749  0.00001
750  0.00001
751  0.00001
752  0.00001
753  0.00001
754  0.00001
755  0.00001
756  0.00001
757  0.00001
758  0.00001
759  0.00001
760  0.00001
761  0.00001
762  0.00001
763  0.00001
764  0.00001
765  0.00001
766  0.00001
767  0.00001
768  0.00001
769  0.00001
770  0.00001
771  0.00001
772  0.00001
773  0.00001
774  0.00001
775  0.00001
776  0.00001
777  0.00001
778  0.00001
779  0.00001
780  0.00001
781  0.00001
782  0.00001
783  0.00001
784  0.00001
785  0.00001
786  0.00001
787  0.00001
788  0.00001
789  0.00001
790  0.00001
791  0.00001
792  0.00001
793  0.00001
794  0.00001
795  0.00001
796  0.00001
797  0.00001
798  0.00001
799  0.00001
800  0.00001
801  0.00001
802  0.00001
803  0.00001
804  0.00001
805  0.00001
806  0.00001
807  0.00001
808  0.00001
809  0.00001
810  0.00001
811  0.00001
812  0.00001
813  0.00001
814  0.00001
815  0.00001
816  0.00001
817  0.00001
818  0.00001
819  0.00001
820  0.00001
821  0.00001
822  0.00001
823  0.00001
824  0.00001
825  0.00001
826  0.00001
827  0.00001
828  0.00001
829  0.00001
830  0.00001
831  0.00001
832  0.00001
833  0.00001
834  0.00001
835  0.00001
836  0.00001
837  0.00001
838  0.00001
839  0.00001
840  0.00001
841  0.00001
842  0.00001
843  0.00001
844  0.00001
845  0.00001
846  0.00001
847  0.00001
848  0.00001
849  0.00001
850  0.00001
851  0.00001
852  0.00001
853  0.00001
854  0.00001
855  0.00001
856  0.00001
857  0.00001
858  0.00001
859  0.00001
860  0.00001
861  0.00001
862  0.00001
863  0.00001
864  0.00001
865  0.00001
866  0.00001
867  0.00001
868  0.00001
869  0.00001
870  0.00001
871  0.00001
872  0.00001
873  0.00001
874  0.00001
875  0.00001
876  0.00001
877  0.00001
878  0.00001
879  0.00001
880  0.00001
881  0.00001
882  0.00001
883  0.00001
884  0.00001
885  0.00001
886  0.00001
887  0.00001
888  0.00001
889  0.00001
890  0.00001
891  0.00001
892  0.00001
893  0.00001
894  0.00001
895  0.00001
896  0.00001
897  0.00001
898  0.00001
899  0.00001
900  0.00001
