400  0.14050
401  0.14090
402  0.14130
403  0.14170
404  0.14210
405  0.14250
406  0.14310
407  0.14370
408  0.14430
409  0.14490
410  0.14550
411  0.14600
412  0.14650
413  0.14700
414  0.14750
415  0.14800
416  0.14860
417  0.14920
418  0.14980
419  0.15040
420  0.15100
421  0.15160
422  0.15220
423  0.15280
424  0.15340
425  0.15400
426  0.15460
427  0.15520
428  0.15580
429  0.15640
430  0.15700
431  0.15760
432  0.15820
433  0.15880
434  0.15940
435  0.16000
436  0.16060
437  0.16120
438  0.16180
439  0.16240
440  0.16300
441  0.16370
442  0.16440
443  0.16510
444  0.16580
445  0.16650
446  0.16710
447  0.16770
448  0.16830
449  0.16890
450  0.16950
451  0.17020
452  0.17090
453  0.17160
454  0.17230
455  0.17300
456  0.17350
457  0.17400
458  0.17450
459  0.17500
460  0.17550
461  0.17610
462  0.17670
463  0.17730
464  0.17790
465  0.17850
466  0.17900
467  0.17950
468  0.18000
469  0.18050
470  0.18100
471  0.18160
472  0.18220
473  0.18280
474  0.18340
475  0.18400
476  0.18450
477  0.18500
478  0.18550
479  0.18600
480  0.18650
481  0.18700
482  0.18750
483  0.18800
484  0.18850
485  0.18900
486  0.18950
487  0.19000
488  0.19050
489  0.19100
490  0.19150
491  0.19210
492  0.19270
493  0.19330
494  0.19390
495  0.19450
496  0.19500
497  0.19550
498  0.19600
499  0.19650
500  0.19700
501  0.19760
502  0.19820
503  0.19880
504  0.19940
505  0.20000
506  0.20050
507  0.20100
508  0.20150
509  0.20200
510  0.20250
511  0.20310
512  0.20370
513  0.20430
514  0.20490
515  0.20550
516  0.20610
517  0.20670
518  0.20730
519  0.20790
520  0.20850
521  0.20910
522  0.20970
523  0.21030
524  0.21090
525  0.21150
526  0.21210
527  0.21270
528  0.21330
529  0.21390
530  0.21450
531  0.21520
532  0.21590
533  0.21660
534  0.21730
535  0.21800
536  0.21860
537  0.21920
538  0.21980
539  0.22040
540  0.22100
541  0.22170
542  0.22240
543  0.22310
544  0.22380
545  0.22450
546  0.22520
547  0.22590
548  0.22660
549  0.22730
550  0.22800
551  0.22870
552  0.22940
553  0.23010
554  0.23080
555  0.23150
556  0.23220
557  0.23290
558  0.23360
559  0.23430
560  0.23500
561  0.23570
562  0.23640
563  0.23710
564  0.23780
565  0.23850
566  0.23910
567  0.23970
568  0.24030
569  0.24090
570  0.24150
571  0.24220
572  0.24290
573  0.24360
574  0.24430
575  0.24500
576  0.24560
577  0.24620
578  0.24680
579  0.24740
580  0.24800
581  0.24860
582  0.24920
583  0.24980
584  0.25040
585  0.25100
586  0.25150
587  0.25200
588  0.25250
589  0.25300
590  0.25350
591  0.25410
592  0.25470
593  0.25530
594  0.25590
595  0.25650
596  0.25700
597  0.25750
598  0.25800
599  0.25850
600  0.25900
601  0.25950
602  0.26000
603  0.26050
604  0.26100
605  0.26150
606  0.26200
607  0.26250
608  0.26300
609  0.26350
610  0.26400
611  0.26450
612  0.26500
613  0.26550
614  0.26600
615  0.26650
616  0.26700
617  0.26750
618  0.26800
619  0.26850
620  0.26900
621  0.26940
622  0.26980
623  0.27020
624  0.27060
625  0.27100
626  0.27150
627  0.27200
628  0.27250
629  0.27300
630  0.27350
631  0.27400
632  0.27450
633  0.27500
634  0.27550
635  0.27600
636  0.27640
637  0.27680
638  0.27720
639  0.27760
640  0.27800
641  0.27840
642  0.27880
643  0.27920
644  0.27960
645  0.28000
646  0.28040
647  0.28080
648  0.28120
649  0.28160
650  0.28200
651  0.28240
652  0.28280
653  0.28320
654  0.28360
655  0.28400
656  0.28440
657  0.28480
658  0.28520
659  0.28560
660  0.28600
661  0.28630
662  0.28660
663  0.28690
664  0.28720
665  0.28750
666  0.28790
667  0.28830
668  0.28870
669  0.28910
670  0.28950
671  0.28980
672  0.29010
673  0.29040
674  0.29070
675  0.29100
676  0.29150
677  0.29200
678  0.29250
679  0.29300
680  0.29350
681  0.29400
682  0.29450
683  0.29500
684  0.29550
685  0.29600
686  0.29640
687  0.29680
688  0.29720
689  0.29760
690  0.29800
691  0.29850
692  0.29900
693  0.29950
694  0.30000
695  0.30050
696  0.30090
697  0.30130
698  0.30170
699  0.30210
700  0.30250
701  0.30300
702  0.30350
703  0.30400
704  0.30450
705  0.30500
706  0.30530
707  0.30560
708  0.30590
709  0.30620
710  0.30650
711  0.30680
712  0.30710
713  0.30740
714  0.30770
715  0.30800
716  0.30830
717  0.30860
718  0.30890
719  0.30920
720  0.30950
721  0.30980
722  0.31010
723  0.31040
724  0.31070
725  0.31100
726  0.31120
727  0.31140
728  0.31160
729  0.31180
730  0.31200
731  0.31220
732  0.31240
733  0.31260
734  0.31280
735  0.31300
736  0.31330
737  0.31360
738  0.31390
739  0.31420
740  0.31450
741  0.31470
742  0.31490
743  0.31510
744  0.31530
745  0.31550
746  0.31570
747  0.31590
748  0.31610
749  0.31630
750  0.31650
751  0.31670
752  0.31690
753  0.31710
754  0.31730
755  0.31750
756  0.31780
757  0.31810
758  0.31840
759  0.31870
760  0.31900
761  0.31920
762  0.31940
763  0.31960
764  0.31980
765  0.32000
766  0.32020
767  0.32040
768  0.32060
769  0.32080
770  0.32100
771  0.32120
772  0.32140
773  0.32160
774  0.32180
775  0.32200
776  0.32230
777  0.32260
778  0.32290
779  0.32320
780  0.32350
781  0.32370
782  0.32390
783  0.32410
784  0.32430
785  0.32450
786  0.32470
787  0.32490
788  0.32510
789  0.32530
790  0.32550
791  0.32570
792  0.32590
793  0.32610
794  0.32630
795  0.32650
796  0.32670
797  0.32690
798  0.32710
799  0.32730
800  0.32750
