400  0.04010
401  0.04060
402  0.04153
403  0.04219
404  0.04268
405  0.04231
406  0.04150
407  0.04033
408  0.03964
409  0.03942
410  0.03947
411  0.03949
412  0.03956
413  0.03949
414  0.03941
415  0.03973
416  0.03993
417  0.04011
418  0.04065
419  0.04103
420  0.04125
421  0.04175
422  0.04219
423  0.04211
424  0.04194
425  0.04139
426  0.04090
427  0.04053
428  0.04056
429  0.04056
430  0.04090
431  0.04125
432  0.04141
433  0.04145
434  0.04173
435  0.04193
436  0.04189
437  0.04191
438  0.04190
439  0.04199
440  0.04207
441  0.04232
442  0.04252
443  0.04268
444  0.04272
445  0.04279
446  0.04280
447  0.04300
448  0.04333
449  0.04357
450  0.04375
451  0.04398
452  0.04422
453  0.04434
454  0.04449
455  0.04461
456  0.04469
457  0.04472
458  0.04484
459  0.04506
460  0.04520
461  0.04528
462  0.04552
463  0.04561
464  0.04555
465  0.04569
466  0.04576
467  0.04569
468  0.04582
469  0.04605
470  0.04614
471  0.04632
472  0.04641
473  0.04658
474  0.04681
475  0.04701
476  0.04715
477  0.04734
478  0.04743
479  0.04744
480  0.04750
481  0.04766
482  0.04782
483  0.04783
484  0.04777
485  0.04778
486  0.04792
487  0.04810
488  0.04829
489  0.04851
490  0.04870
491  0.04876
492  0.04873
493  0.04886
494  0.04904
495  0.04913
496  0.04930
497  0.04960
498  0.04992
499  0.05028
500  0.05076
501  0.05121
502  0.05156
503  0.05192
504  0.05229
505  0.05269
506  0.05308
507  0.05352
508  0.05398
509  0.05448
510  0.05494
511  0.05528
512  0.05556
513  0.05590
514  0.05625
515  0.05659
516  0.05710
517  0.05772
518  0.05826
519  0.05873
520  0.05926
521  0.05981
522  0.06038
523  0.06090
524  0.06141
525  0.06194
526  0.06237
527  0.06274
528  0.06315
529  0.06353
530  0.06385
531  0.06420
532  0.06452
533  0.06481
534  0.06514
535  0.06550
536  0.06573
537  0.06598
538  0.06624
539  0.06639
540  0.06653
541  0.06679
542  0.06701
543  0.06725
544  0.06762
545  0.06793
546  0.06820
547  0.06848
548  0.06869
549  0.06899
550  0.06927
551  0.06949
552  0.06980
553  0.07018
554  0.07045
555  0.07069
556  0.07101
557  0.07131
558  0.07155
559  0.07168
560  0.07190
561  0.07209
562  0.07211
563  0.07217
564  0.07233
565  0.07233
566  0.07239
567  0.07252
568  0.07244
569  0.07233
570  0.07231
571  0.07217
572  0.07194
573  0.07187
574  0.07188
575  0.07194
576  0.07190
577  0.07192
578  0.07190
579  0.07178
580  0.07160
581  0.07153
582  0.07140
583  0.07130
584  0.07126
585  0.07118
586  0.07104
587  0.07099
588  0.07090
589  0.07067
590  0.07048
591  0.07040
592  0.07039
593  0.07029
594  0.07022
595  0.07010
596  0.06988
597  0.06954
598  0.06921
599  0.06902
600  0.06883
601  0.06861
602  0.06846
603  0.06835
604  0.06815
605  0.06803
606  0.06791
607  0.06769
608  0.06736
609  0.06695
610  0.06648
611  0.06604
612  0.06567
613  0.06544
614  0.06532
615  0.06527
616  0.06515
617  0.06503
618  0.06491
619  0.06493
620  0.06485
621  0.06479
622  0.06492
623  0.06497
624  0.06489
625  0.06506
626  0.06521
627  0.06516
628  0.06513
629  0.06509
630  0.06483
631  0.06465
632  0.06462
633  0.06449
634  0.06422
635  0.06398
636  0.06382
637  0.06352
638  0.06328
639  0.06316
640  0.06298
641  0.06269
642  0.06247
643  0.06236
644  0.06217
645  0.06188
646  0.06173
647  0.06146
648  0.06103
649  0.06066
650  0.06043
651  0.06009
652  0.05972
653  0.05943
654  0.05903
655  0.05840
656  0.05774
657  0.05709
658  0.05641
659  0.05570
660  0.05507
661  0.05442
662  0.05390
663  0.05343
664  0.05305
665  0.05274
666  0.05240
667  0.05200
668  0.05172
669  0.05152
670  0.05130
671  0.05113
672  0.05110
673  0.05104
674  0.05098
675  0.05102
676  0.05115
677  0.05122
678  0.05140
679  0.05181
680  0.05231
681  0.05288
682  0.05357
683  0.05432
684  0.05506
685  0.05599
686  0.05716
687  0.05842
688  0.05970
689  0.06101
690  0.06238
691  0.06374
692  0.06514
693  0.06674
694  0.06845
695  0.07014
696  0.07187
697  0.07368
698  0.07546
699  0.07729
700  0.07917
701  0.08096
702  0.08263
703  0.08421
704  0.08567
705  0.08703
706  0.08825
707  0.08942
708  0.09053
709  0.09143
710  0.09217
711  0.09281
712  0.09328
713  0.09363
714  0.09405
715  0.09450
716  0.09463
717  0.09458
718  0.09419
719  0.09342
720  0.09239
721  0.09138
722  0.09011
723  0.08876
724  0.08729
725  0.08544
726  0.08326
727  0.08085
728  0.07807
729  0.07511
730  0.07209
731  0.06912
732  0.06638
733  0.06397
734  0.06177
735  0.05977
736  0.05812
737  0.05688
738  0.05603
739  0.05524
740  0.05477
741  0.05449
742  0.05424
743  0.05387
744  0.05375
745  0.05367
746  0.05360
747  0.05355
748  0.05362
749  0.05381
750  0.05399
751  0.05416
752  0.05432
753  0.05449
754  0.05466
755  0.05483
756  0.05500
757  0.05517
758  0.05534
759  0.05551
760  0.05568
761  0.05585
762  0.05602
763  0.05619
764  0.05635
765  0.05652
766  0.05669
767  0.05686
768  0.05703
769  0.05720
770  0.05737
771  0.05754
772  0.05771
773  0.05788
774  0.05805
775  0.05822
776  0.05861
777  0.05917
778  0.05977
779  0.06038
780  0.06120
781  0.06193
782  0.06257
783  0.06310
784  0.06368
785  0.06437
786  0.06498
787  0.06561
788  0.06637
789  0.06729
790  0.06812
791  0.06901
792  0.06990
793  0.07075
794  0.07146
795  0.07219
796  0.07284
797  0.07346
798  0.07412
799  0.07479
800  0.07534
