400  0.04552 
401  0.04624 
402  0.04680 
403  0.04673 
404  0.04657 
405  0.04636 
406  0.04598 
407  0.04552 
408  0.04527 
409  0.04531 
410  0.04535 
411  0.04546 
412  0.04568 
413  0.04599 
414  0.04621 
415  0.04651 
416  0.04684 
417  0.04720 
418  0.04758 
419  0.04784 
420  0.04800 
421  0.04818 
422  0.04834 
423  0.04837 
424  0.04831 
425  0.04809 
426  0.04793 
427  0.04788 
428  0.04802 
429  0.04814 
430  0.04842 
431  0.04864 
432  0.04871 
433  0.04872 
434  0.04892 
435  0.04907 
436  0.04923 
437  0.04947 
438  0.04970 
439  0.04985 
440  0.05003 
441  0.05018 
442  0.05032 
443  0.05056 
444  0.05091 
445  0.05123 
446  0.05158 
447  0.05199 
448  0.05238 
449  0.05277 
450  0.05320 
451  0.05359 
452  0.05398 
453  0.05422 
454  0.05441 
455  0.05466 
456  0.05482 
457  0.05482 
458  0.05487 
459  0.05506 
460  0.05515 
461  0.05527 
462  0.05556 
463  0.05587 
464  0.05602 
465  0.05613 
466  0.05632 
467  0.05644 
468  0.05658 
469  0.05676 
470  0.05699 
471  0.05716 
472  0.05726 
473  0.05745 
474  0.05766 
475  0.05781 
476  0.05795 
477  0.05812 
478  0.05819 
479  0.05816 
480  0.05821 
481  0.05831 
482  0.05844 
483  0.05857 
484  0.05873 
485  0.05888 
486  0.05899 
487  0.05904 
488  0.05908 
489  0.05920 
490  0.05933 
491  0.05949 
492  0.05972 
493  0.06006 
494  0.06037 
495  0.06064 
496  0.06103 
497  0.06147 
498  0.06192 
499  0.06239 
500  0.06296 
501  0.06350 
502  0.06398 
503  0.06447 
504  0.06504 
505  0.06567 
506  0.06631 
507  0.06704 
508  0.06784 
509  0.06868 
510  0.06951 
511  0.07040 
512  0.07126 
513  0.07214 
514  0.07298 
515  0.07374 
516  0.07457 
517  0.07551 
518  0.07645 
519  0.07745 
520  0.07851 
521  0.07947 
522  0.08040 
523  0.08138 
524  0.08237 
525  0.08338 
526  0.08439 
527  0.08534 
528  0.08615 
529  0.08690 
530  0.08765 
531  0.08841 
532  0.08914 
533  0.08992 
534  0.09068 
535  0.09136 
536  0.09205 
537  0.09276 
538  0.09340 
539  0.09402 
540  0.09458 
541  0.09505 
542  0.09551 
543  0.09602 
544  0.09653 
545  0.09703 
546  0.09762 
547  0.09822 
548  0.09877 
549  0.09928 
550  0.09986 
551  0.10041 
552  0.10087 
553  0.10126 
554  0.10166 
555  0.10204 
556  0.10239 
557  0.10276 
558  0.10312 
559  0.10337 
560  0.10352 
561  0.10362 
562  0.10371 
563  0.10381 
564  0.10398 
565  0.10412 
566  0.10422 
567  0.10421 
568  0.10408 
569  0.10393 
570  0.10378 
571  0.10364 
572  0.10347 
573  0.10335 
574  0.10322 
575  0.10305 
576  0.10290 
577  0.10282 
578  0.10274 
579  0.10267 
580  0.10263 
581  0.10258 
582  0.10252 
583  0.10251 
584  0.10251 
585  0.10244 
586  0.10240 
587  0.10233 
588  0.10215 
589  0.10197 
590  0.10178 
591  0.10153 
592  0.10129 
593  0.10105 
594  0.10077 
595  0.10050 
596  0.10025 
597  0.09996 
598  0.09966 
599  0.09939 
600  0.09913 
601  0.09887 
602  0.09864 
603  0.09843 
604  0.09818 
605  0.09792 
606  0.09770 
607  0.09744 
608  0.09713 
609  0.09680 
610  0.09643 
611  0.09594 
612  0.09553 
613  0.09521 
614  0.09489 
615  0.09453 
616  0.09417 
617  0.09376 
618  0.09338 
619  0.09306 
620  0.09287 
621  0.09276 
622  0.09270 
623  0.09263 
624  0.09259 
625  0.09260 
626  0.09258 
627  0.09254 
628  0.09250 
629  0.09244 
630  0.09232 
631  0.09222 
632  0.09205 
633  0.09183 
634  0.09158 
635  0.09127 
636  0.09087 
637  0.09043 
638  0.08994 
639  0.08935 
640  0.08868 
641  0.08801 
642  0.08732 
643  0.08658 
644  0.08585 
645  0.08517 
646  0.08451 
647  0.08390 
648  0.08337 
649  0.08287 
650  0.08233 
651  0.08180 
652  0.08129 
653  0.08080 
654  0.08028 
655  0.07966 
656  0.07905 
657  0.07835 
658  0.07752 
659  0.07666 
660  0.07585 
661  0.07493 
662  0.07393 
663  0.07297 
664  0.07202 
665  0.07104 
666  0.07019 
667  0.06947 
668  0.06878 
669  0.06820 
670  0.06782 
671  0.06750 
672  0.06729 
673  0.06719 
674  0.06717 
675  0.06724 
676  0.06738 
677  0.06763 
678  0.06805 
679  0.06865 
680  0.06936 
681  0.07021 
682  0.07123 
683  0.07252 
684  0.07408 
685  0.07596 
686  0.07825 
687  0.08088 
688  0.08375 
689  0.08686 
690  0.09024 
691  0.09382 
692  0.09759 
693  0.10159 
694  0.10578 
695  0.11010 
696  0.11465 
697  0.11937 
698  0.12414 
699  0.12894 
700  0.13355 
701  0.13782 
702  0.14182 
703  0.14561 
704  0.14917 
705  0.15268 
706  0.15607 
707  0.15936 
708  0.16257 
709  0.16562 
710  0.16840 
711  0.17097 
712  0.17332 
713  0.17545 
714  0.17755 
715  0.17978 
716  0.18215 
717  0.18439 
718  0.18627 
719  0.18761 
720  0.18841 
721  0.18877 
722  0.18895 
723  0.18932 
724  0.18974 
725  0.18995 
726  0.18966 
727  0.18910 
728  0.18834 
729  0.18694 
730  0.18518 
731  0.18358 
732  0.18235 
733  0.18105 
734  0.18038 
735  0.18042 
736  0.18033 
737  0.18008 
738  0.18014 
739  0.18006 
740  0.17994 
741  0.18007 
742  0.17960 
743  0.17905 
744  0.17892 
745  0.17875 
746  0.17846 
747  0.17861 
748  0.17877 
749  0.17861 
750  0.17830 
751  0.17788 
752  0.17746 
753  0.17704 
754  0.17662 
755  0.17620 
756  0.17578 
757  0.17536 
758  0.17494 
759  0.17452 
760  0.17410 
761  0.17368 
762  0.17326 
763  0.17284 
764  0.17242 
765  0.17200 
766  0.17158 
767  0.17116 
768  0.17074 
769  0.17032 
770  0.16990 
771  0.16948 
772  0.16906 
773  0.16863 
774  0.16821 
775  0.16779 
776  0.16778 
777  0.16834 
778  0.16917 
779  0.16971 
780  0.17001 
781  0.17065 
782  0.17163 
783  0.17192 
784  0.17240 
785  0.17375 
786  0.17499 
787  0.17587 
788  0.17724 
789  0.17815 
790  0.17875 
791  0.18004 
792  0.18148 
793  0.18233 
794  0.18332 
795  0.18395 
796  0.18421 
797  0.18442 
798  0.18529 
799  0.18693 
800  0.18846 
