404.080     1.421320E-001   
409.808     1.453848E-001   
415.536     1.483216E-001   
421.264     1.517584E-001   
426.992     1.551952E-001   
432.720     1.586320E-001   
438.448     1.620688E-001   
444.176     1.659232E-001   
449.904     1.694424E-001   
455.632     1.733160E-001   
461.360     1.763160E-001   
467.088     1.795440E-001   
472.816     1.826896E-001   
478.544     1.857720E-001   
484.272     1.886360E-001   
490.000     1.915000E-001   
495.728     1.948640E-001   
501.456     1.978736E-001   
507.184     2.010920E-001   
512.912     2.042472E-001   
518.640     2.076840E-001   
524.368     2.111208E-001   
530.096     2.145672E-001   
535.824     2.184944E-001   
541.552     2.220864E-001   
547.280     2.260960E-001   
553.008     2.301056E-001   
558.736     2.341152E-001   
564.464     2.381248E-001   
570.192     2.416344E-001   
575.920     2.455520E-001   
581.648     2.489888E-001   
587.376     2.521880E-001   
593.104     2.553624E-001   
598.832     2.584160E-001   
604.560     2.612800E-001   
610.288     2.641440E-001   
616.016     2.670080E-001   
621.744     2.696976E-001   
627.472     2.722360E-001   
633.200     2.751000E-001   
638.928     2.775712E-001   
644.656     2.798624E-001   
650.384     2.821536E-001   
656.112     2.844448E-001   
661.840     2.865520E-001   
667.568     2.885272E-001   
673.296     2.904888E-001   
679.024     2.930120E-001   
684.752     2.958760E-001   
690.480     2.982400E-001   
696.208     3.009832E-001   
701.936     3.034680E-001   
707.664     3.057992E-001   
713.392     3.075176E-001   
719.120     3.092360E-001   
724.848     3.109544E-001   
730.576     3.121152E-001   
736.304     3.133912E-001   
742.032     3.149064E-001   
747.760     3.160520E-001   
753.488     3.171976E-001   
759.216     3.187648E-001   
764.944     3.199888E-001   
770.672     3.211344E-001   
776.400     3.224200E-001   
782.128     3.239256E-001   
787.856     3.250712E-001   
793.584     3.262168E-001   
799.312     3.273624E-001   
805.040     3.285080E-001   
810.768     3.296536E-001   
816.496     3.307992E-001   
822.224     3.319448E-001   
827.952     3.330904E-001   
833.680     3.342360E-001   
839.408     3.353816E-001   
845.136     3.365272E-001   
850.864     3.376728E-001   
856.592     3.388184E-001   
862.320     3.399640E-001   
868.048     3.411096E-001   
873.776     3.422552E-001   
879.504     3.434008E-001   
885.232     3.445464E-001   
890.960     3.456920E-001   
896.688     3.468376E-001   
