404.080     6.600563E-003   
409.808     5.549557E-003   
415.536     5.340176E-003   
421.264     5.426880E-003   
426.992     5.540896E-003   
432.720     5.863000E-003   
438.448     6.703400E-003   
444.176     8.069879E-003   
449.904     9.828413E-003   
455.632     1.041976E-002   
461.360     1.090652E-002   
467.088     1.120795E-002   
472.816     1.209360E-002   
478.544     1.361416E-002   
484.272     1.446264E-002   
490.000     1.535000E-002   
495.728     2.102948E-002   
501.456     2.748071E-002   
507.184     3.389607E-002   
512.912     4.031143E-002   
518.640     4.672681E-002   
524.368     4.912360E-002   
530.096     5.032537E-002   
535.824     5.482182E-002   
541.552     5.944248E-002   
547.280     6.439722E-002   
553.008     6.846456E-002   
558.736     7.172953E-002   
564.464     7.608815E-002   
570.192     8.098499E-002   
575.920     9.246957E-002   
581.648     1.088653E-001   
587.376     1.374192E-001   
593.104     1.763119E-001   
598.832     2.319642E-001   
604.560     2.601684E-001   
610.288     2.771090E-001   
616.016     2.850053E-001   
621.744     2.950404E-001   
627.472     3.031230E-001   
633.200     3.110880E-001   
638.928     3.186993E-001   
644.656     3.314496E-001   
650.384     3.468614E-001   
656.112     3.804784E-001   
661.840     4.129121E-001   
667.568     4.292200E-001   
673.296     4.422960E-001   
679.024     4.557432E-001   
684.752     4.794832E-001   
690.480     5.137118E-001   
696.208     5.840329E-001   
701.936     6.703955E-001   
707.664     7.783920E-001   
713.392     9.490602E-001   
719.120     1.152864E+000   
724.848     1.476048E+000   
730.576     1.832465E+000   
736.304     2.165264E+000   
742.032     2.398288E+000   
747.760     2.449840E+000   
753.488     2.532295E+000   
759.216     2.528633E+000   
764.944     2.512566E+000   
770.672     2.486688E+000   
776.400     2.436514E+000   
782.128     2.342846E+000   
787.856     2.202867E+000   
793.584     2.061898E+000   
799.312     2.052358E+000   
805.040     2.033026E+000   
810.768     2.020475E+000   
816.496     2.248327E+000   
822.224     2.536149E+000   
827.952     2.852285E+000   
833.680     3.182557E+000   
839.408     3.521663E+000   
845.136     3.866917E+000   
850.864     4.213961E+000   
856.592     4.554675E+000   
862.320     4.877636E+000   
868.048     5.170496E+000   
873.776     5.424333E+000   
879.504     5.641443E+000   
885.232     5.843768E+000   
890.960     6.084201E+000   
896.688     6.461948E+000   
