404 0.045785 
410 0.045785 
416 0.046863 
421 0.047880 
427 0.048259 
433 0.048822 
438 0.049641 
444 0.051073 
450 0.053092 
456 0.054623 
461 0.055445 
467 0.056463 
473 0.057448 
479 0.058195 
484 0.058692 
490 0.059527 
496 0.061232 
501 0.063522 
507 0.067291 
513 0.072098 
519 0.077530 
524 0.082340 
530 0.087575 
536 0.091943 
542 0.095522 
547 0.098193 
553 0.101129 
559 0.103089 
564 0.103870 
570 0.103734 
576 0.103006 
582 0.102559 
587 0.102130 
593 0.100992 
599 0.099435 
605 0.097879 
610 0.096320 
616 0.094191 
622 0.092861 
627 0.092470 
633 0.091586 
639 0.089080 
645 0.085326 
650 0.082362 
656 0.078745 
662 0.073903 
668 0.069315 
673 0.067659 
679 0.069411 
685 0.077576 
690 0.091347 
696 0.115214 
702 0.140775 
708 0.161747 
713 0.175134 
719 0.185722 
725 0.188578 
731 0.184303 
736 0.180764 
742 0.179425 
748 0.178350 
753 0.176996 
759 0.174520 
765 0.172000 
771 0.169514 
776 0.168985 
782 0.171676 
788 0.176993 
794 0.182625 
799 0.182625 
805 0.182625 
811 0.182625
816 0.182625
822 0.182625
828 0.182625
834 0.182625
839 0.182625
845 0.182625
851 0.182625
857 0.182625
862 0.182625
868 0.182625
874 0.182625
880 0.182625
885 0.182625
891 0.182625
897 0.182625