404.080     2.760618E-003   
409.808     2.597767E-003   
415.536     2.446588E-003   
421.264     2.306076E-003   
426.992     2.175354E-003   
432.720     2.053687E-003   
438.448     1.940275E-003   
444.176     1.834462E-003   
449.904     1.735672E-003   
455.632     1.643370E-003   
461.360     1.557026E-003   
467.088     1.476191E-003   
472.816     1.400478E-003   
478.544     1.329493E-003   
484.272     1.262878E-003   
490.000     1.200317E-003   
495.728     1.141551E-003   
501.456     1.086281E-003   
507.184     1.034263E-003   
512.912     9.852795E-004   
518.640     9.391311E-004   
524.368     8.956103E-004   
530.096     8.545411E-004   
535.824     8.157744E-004   
541.552     7.791511E-004   
547.280     7.445279E-004   
553.008     7.117768E-004   
558.736     6.807905E-004   
564.464     6.514465E-004   
570.192     6.236404E-004   
575.920     5.972828E-004   
581.648     5.722874E-004   
587.376     5.485658E-004   
593.104     5.260409E-004   
598.832     5.046466E-004   
604.560     4.843153E-004   
610.288     4.649808E-004   
616.016     4.465871E-004   
621.744     4.290849E-004   
627.472     4.124190E-004   
633.200     3.965412E-004   
638.928     3.814094E-004   
644.656     3.669853E-004   
650.384     3.532260E-004   
656.112     3.400940E-004   
661.840     3.275608E-004   
667.568     3.155916E-004   
673.296     3.041554E-004   
679.024     2.932244E-004   
684.752     2.827752E-004   
690.480     2.727802E-004   
696.208     2.632159E-004   
701.936     2.540615E-004   
707.664     2.452970E-004   
713.392     2.369012E-004   
719.120     2.288556E-004   
724.848     2.211449E-004   
730.576     2.137524E-004   
736.304     2.066608E-004   
742.032     1.998559E-004   
747.760     1.933265E-004   
753.488     1.870579E-004   
759.216     1.810369E-004   
764.944     1.752526E-004   
770.672     1.696946E-004   
776.400     1.643524E-004   
782.128     1.592148E-004   
787.856     1.542741E-004   
793.584     1.495216E-004   
799.312     1.449470E-004   
805.040     1.405439E-004   
810.768     1.363049E-004   
816.496     1.322218E-004   
822.224     1.282882E-004   
827.952     1.244973E-004   
833.680     1.208446E-004   
839.408     1.173226E-004   
845.136     1.139260E-004   
850.864     1.106496E-004   
856.592     1.074881E-004   
862.320     1.044376E-004   
868.048     1.014928E-004   
873.776     9.864972E-005   
879.504     9.590415E-005   
885.232     9.325188E-005   
890.960     9.068923E-005   
896.688     8.821326E-005   
