404.080     9.314656E-002   
409.808     9.774142E-002   
415.536     1.024541E-001   
421.264     1.053399E-001   
426.992     1.079605E-001   
432.720     1.113956E-001   
438.448     1.124841E-001   
444.176     1.079602E-001   
449.904     1.020572E-001   
455.632     9.854357E-002   
461.360     9.542961E-002   
467.088     9.165203E-002   
472.816     8.714778E-002   
478.544     8.425875E-002   
484.272     8.214896E-002   
490.000     7.873914E-002   
495.728     7.306471E-002   
501.456     6.512832E-002   
507.184     5.683598E-002   
512.912     4.901370E-002   
518.640     4.309993E-002   
524.368     3.806017E-002   
530.096     3.411994E-002   
535.824     3.045193E-002   
541.552     2.752923E-002   
547.280     2.500400E-002   
553.008     2.283081E-002   
558.736     2.050029E-002   
564.464     1.903998E-002   
570.192     1.781224E-002   
575.920     1.657608E-002   
581.648     1.536565E-002   
587.376     1.433912E-002   
593.104     1.366468E-002   
598.832     1.304014E-002   
604.560     1.300950E-002   
610.288     1.345050E-002   
616.016     1.452317E-002   
621.744     1.518157E-002   
627.472     1.517312E-002   
633.200     1.537420E-002   
638.928     1.506953E-002   
644.656     1.576303E-002   
650.384     1.712782E-002   
656.112     1.991009E-002   
661.840     2.656530E-002   
667.568     3.537211E-002   
673.296     4.161299E-002   
679.024     4.200829E-002   
684.752     3.378511E-002   
690.480     1.954186E-002   
696.208     9.805318E-003   
701.936     5.328046E-003   
707.664     3.307296E-003   
713.392     2.326613E-003   
719.120     1.578696E-003   
724.848     1.277018E-003   
730.576     9.600592E-004   
736.304     6.875944E-004   
742.032     1.000000E-005   
747.760     1.000000E-005   
753.488     1.000000E-005   
759.216     1.000000E-005   
764.944     1.000000E-005   
770.672     1.000000E-005   
776.400     1.000000E-005   
782.128     1.000000E-005   
787.856     1.000000E-005   
793.584     1.000000E-005   
799.312     1.000000E-005   
805.040     1.000000E-005   
810.768     1.000000E-005   
816.496     1.000000E-005   
822.224     1.000000E-005   
827.952     1.000000E-005   
833.680     1.000000E-005   
839.408     1.000000E-005   
845.136     1.000000E-005   
850.864     1.000000E-005   
856.592     1.000000E-005   
862.320     1.000000E-005   
868.048     1.000000E-005   
873.776     1.000000E-005   
879.504     1.000000E-005   
885.232     1.000000E-005   
890.960     1.000000E-005   
896.688     1.000000E-005   
